 ** Video Info ** 
Video File:
	Name:	conduite.mp4
	Frame Count:	308
	Width:	1366
	Height:	720
	FPS:	23.976023976023978
Video Display:
	Window Resolution:	[2560 1080]
	Window Fullscreen:	True
	Drawn Size:	[1366.  720.]

 ** Column Definitions ** 
frame_num:	The frame index being displayed. Range is 1 to video frame count.
frame_flip_time:	The time returned by win.flip() for the current frame_num.
playback_duration:	current frame_flip_time minus the first video frame_flip_time.

 ** Per Frame Video Playback Data ** 
frame_num	frame_flip_time	playback_duration
2	68.743106	0.000000	
3	68.776488	0.033382	
4	68.809960	0.066854	
5	68.843491	0.100385	
6	68.876563	0.133458	
7	68.909653	0.166547	
8	68.959622	0.216516	
9	68.993183	0.250078	
10	69.043192	0.300086	
11	69.077414	0.334308	
12	69.126599	0.383493	
13	69.160040	0.416934	
14	69.210135	0.467029	
15	69.259690	0.516584	
16	69.293869	0.550763	
17	69.343299	0.600194	
18	69.376576	0.633470	
19	69.427214	0.684108	
20	69.460774	0.717668	
21	69.493781	0.750675	
22	69.543173	0.800067	
23	69.576453	0.833347	
24	69.626336	0.883230	
25	69.659856	0.916750	
26	69.709922	0.966816	
27	69.759891	1.016785	
28	69.794719	1.051614	
29	69.843163	1.100057	
30	69.876274	1.133168	
31	69.909991	1.166885	
32	69.959672	1.216566	
33	69.993278	1.250172	
34	70.109886	1.366780	
36	70.126536	1.383431	
37	70.176533	1.433427	
38	70.211654	1.468548	
39	70.243423	1.500317	
40	70.293465	1.550359	
41	70.326613	1.583507	
42	70.376279	1.633173	
43	70.426583	1.683478	
44	70.459798	1.716693	
45	70.510957	1.767851	
46	70.543745	1.800639	
47	70.593196	1.850090	
48	70.626686	1.883580	
49	70.676612	1.933506	
50	70.709680	1.966574	
51	70.759625	2.016519	
52	70.793102	2.049997	
53	70.827087	2.083981	
54	70.876382	2.133276	
55	70.909678	2.166573	
56	70.960299	2.217193	
57	71.010191	2.267086	
58	71.042995	2.299889	
59	71.093391	2.350285	
60	71.127206	2.384100	
61	71.159605	2.416499	
62	71.209863	2.466757	
63	71.242940	2.499834	
64	71.295239	2.552134	
65	71.326536	2.583430	
66	71.376268	2.633162	
67	71.427185	2.684080	
68	71.459643	2.716538	
69	71.509655	2.766550	
70	71.543654	2.800549	
71	71.594377	2.851271	
72	71.626542	2.883436	
73	71.676492	2.933386	
74	71.709830	2.966724	
75	71.759592	3.016486	
76	71.793613	3.050507	
77	71.843129	3.100023	
78	71.876570	3.133464	
79	71.926495	3.183389	
80	71.959608	3.216502	
81	72.009846	3.266741	
82	72.043334	3.300228	
83	72.076772	3.333666	
84	72.127018	3.383912	
85	72.159907	3.416801	
86	72.209833	3.466728	
87	72.243175	3.500069	
88	72.293394	3.550288	
89	72.343519	3.600413	
90	72.376407	3.633301	
91	72.426737	3.683632	
92	72.459703	3.716597	
93	72.492987	3.749881	
94	72.543310	3.800204	
95	72.576226	3.833120	
96	72.626841	3.883735	
97	72.676419	3.933314	
98	72.711115	3.968009	
99	72.759666	4.016560	
100	72.793319	4.050213	
101	72.843444	4.100339	
102	72.876688	4.133582	
103	72.926542	4.183436	
104	72.959590	4.216484	
105	73.009612	4.266507	
106	73.042963	4.299857	
107	73.076540	4.333434	
108	73.126500	4.383394	
109	73.159618	4.416513	
110	73.209937	4.466831	
111	73.259566	4.516461	
112	73.293203	4.550097	
113	73.343447	4.600341	
114	73.376262	4.633156	
115	73.409927	4.666821	
116	73.460034	4.716928	
117	73.493208	4.750102	
118	73.543141	4.800035	
119	73.592936	4.849830	
120	73.626564	4.883458	
121	73.676420	4.933314	
122	73.709900	4.966795	
123	73.743195	5.000090	
124	73.793185	5.050079	
125	73.826585	5.083479	
126	73.876620	5.133514	
127	73.909752	5.166646	
128	73.959745	5.216639	
129	74.009918	5.266812	
130	74.043321	5.300215	
131	74.092976	5.349871	
132	74.126904	5.383798	
133	74.176530	5.433425	
134	74.209793	5.466687	
135	74.259783	5.516677	
136	74.293047	5.549941	
137	74.326507	5.583402	
138	74.376374	5.633268	
139	74.426797	5.683691	
140	74.459571	5.716465	
141	74.510105	5.766999	
142	74.543334	5.800228	
143	74.594519	5.851413	
144	74.626523	5.883417	
145	74.676547	5.933441	
146	74.709836	5.966730	
147	74.743109	6.000003	
148	74.793233	6.050127	
149	74.826567	6.083461	
150	74.876499	6.133393	
151	74.927198	6.184093	
152	74.960033	6.216927	
153	74.992944	6.249838	
154	75.042904	6.299798	
155	75.076479	6.333374	
156	75.126705	6.383600	
157	75.160689	6.417583	
158	75.210137	6.467032	
159	75.242965	6.499859	
160	75.293157	6.550051	
161	75.326206	6.583100	
162	75.376185	6.633079	
163	75.426418	6.683312	
164	75.460373	6.717267	
165	75.509762	6.766657	
166	75.542902	6.799796	
167	75.592864	6.849758	
168	75.626625	6.883520	
169	75.659699	6.916593	
170	75.709532	6.966426	
171	75.743067	6.999961	
172	75.792969	7.049863	
173	75.843162	7.100057	
174	75.876245	7.133139	
175	75.926499	7.183393	
176	75.960035	7.216929	
177	75.993229	7.250123	
178	76.043174	7.300068	
179	76.076399	7.333293	
180	76.126462	7.383356	
181	76.159675	7.416569	
182	76.209785	7.466679	
183	76.261227	7.518122	
184	76.295315	7.552209	
185	76.343109	7.600003	
186	76.376403	7.633298	
187	76.409736	7.666630	
188	76.459646	7.716540	
189	76.494604	7.751498	
190	76.543003	7.799897	
191	76.592923	7.849817	
192	76.628441	7.885335	
193	76.659994	7.916889	
194	76.709838	7.966732	
195	76.759587	8.016481	
196	76.792912	8.049806	
197	76.842891	8.099785	
198	76.876373	8.133267	
199	76.909881	8.166775	
200	76.959887	8.216781	
201	77.010945	8.267839	
202	77.043150	8.300045	
203	77.093243	8.350138	
204	77.126491	8.383385	
205	77.176258	8.433152	
206	77.209562	8.466456	
207	77.259645	8.516539	
208	77.293471	8.550365	
209	77.326486	8.583380	
210	77.377078	8.633972	
211	77.410607	8.667501	
212	77.460906	8.717800	
213	77.509697	8.766591	
214	77.542944	8.799838	
215	77.593143	8.850037	
216	77.626407	8.883301	
217	77.676267	8.933161	
218	77.709613	8.966507	
219	77.759812	9.016707	
220	77.792982	9.049876	
221	77.826686	9.083580	
222	77.876144	9.133039	
223	77.927209	9.184103	
224	77.959559	9.216453	
225	78.009740	9.266634	
226	78.042843	9.299737	
227	78.093044	9.349938	
228	78.126341	9.383235	
229	78.176246	9.433140	
230	78.209526	9.466421	
231	78.243615	9.500509	
232	78.294313	9.551208	
233	78.328018	9.584912	
234	78.376720	9.633614	
235	78.426473	9.683367	
236	78.459584	9.716478	
237	78.510405	9.767299	
238	78.543108	9.800002	
239	78.576248	9.833142	
240	78.626575	9.883469	
241	78.659532	9.916426	
242	78.709772	9.966666	
243	78.744507	10.001401	
244	78.793081	10.049976	
245	78.843163	10.100058	
246	78.876421	10.133315	
247	78.927092	10.183986	
248	79.060264	10.317158	
251	79.093156	10.350051	
252	79.126670	10.383565	
253	79.159509	10.416403	
254	79.209772	10.466667	
255	79.244013	10.500907	
256	79.293042	10.549936	
257	79.342795	10.599689	
258	79.376295	10.633190	
259	79.426432	10.683326	
260	79.459656	10.716550	
261	79.509795	10.766689	
262	79.542886	10.799781	
263	79.576857	10.833751	
264	79.626695	10.883589	
265	79.676118	10.933012	
266	79.709734	10.966628	
267	79.759741	11.016635	
268	79.792972	11.049866	
269	79.843022	11.099917	
270	79.876175	11.133069	
271	79.910167	11.167061	
272	79.959663	11.216557	
273	79.993734	11.250628	
274	80.042890	11.299784	
275	80.092969	11.349863	
276	80.126380	11.383274	
277	80.176346	11.433240	
278	80.209817	11.466711	
279	80.259725	11.516620	
280	80.293002	11.549896	
281	80.342779	11.599673	
282	80.376170	11.633064	
283	80.426136	11.683030	
284	80.459739	11.716633	
285	80.493166	11.750060	
286	80.543182	11.800076	
287	80.576237	11.833131	
288	80.626315	11.883209	
289	80.676670	11.933564	
290	80.711654	11.968548	
291	80.759546	12.016440	
292	80.792727	12.049621	
293	80.826366	12.083260	
294	80.876375	12.133269	
295	80.909415	12.166309	
296	80.959414	12.216308	
297	80.992958	12.249853	
298	81.042895	12.299789	
299	81.092956	12.349850	
300	81.126149	12.383043	
301	81.176119	12.433013	
302	81.209857	12.466751	
303	81.243582	12.500476	
304	81.293120	12.550014	
