 ** Video Info ** 
Video File:
	Name:	poisson.mp4
	Frame Count:	379.0
	Video Duration:	14.037037037037036
	Width:	1280
	Height:	720
	FPS:	27.0
	Play Audio Track:	True
Video Display:
	Window Resolution:	[2560 1080]
	Window Fullscreen:	True
	Drawn Size:	[1280.  720.]
	Refresh Rate (reported / calculated):	60 / 60.03691069243398

 ** Video Playback Stats ** 
Playback Time: 14.161
Total Frames Dropped: 3
Draw duration (min, max, mean): (0.003008, 0.024939, 0.004086)
Flip duration (min, max, mean): (0.004389, 0.095396, 0.012759)
Draw + Flip duration (min, max, mean): (0.012378, 0.100319, 0.016846)
Frame Display Interval (min, max, mean): (0.000000, 1.034616, 0.040115)
Effective Frame Interval (min, max, mean): (0.000000, 1.034616, 0.040038)

 ** Column Definitions ** 
frame_num:	The frame index being displayed. Range is 1 to video frame count.
frame_flip_time:	The time returned by win.flip() for the current frame_num.
playback_duration:	current frame_flip_time minus the first video frame_flip_time.
frame_num_dx:	Equals current frame_num - the last flipped frame_num.
dropped_count:	Total number of video frames dropped so far.
draw_duration:	The time taken for the current video frames .draw() call to return.
flip_duration:	The time taken for the win.flip() call to return.
flip_interval:	current frame_num frame_flip_time - last frame_flip_time.
per_frame_interval:	Equals flip_interval / frame_num_dx.
fps:	Equals playback_duration / current frame_num.

 ** Per Frame Video Playback Data ** 
frame_num	frame_flip_time	playback_duration	frame_num_dx	dropped_count	draw_duration	flip_duration	flip_interval	per_frame_interval	fps
2	46.467064	0.000000	0	0	0.024939	0.004389	0.000000	0.000000	0.000
3	46.492058	0.024994	1	0	0.005683	0.008267	0.024994	0.024994	120.027
4	46.532429	0.065365	1	0	0.003986	0.014453	0.040371	0.040371	61.195
5	46.567499	0.100435	1	0	0.004445	0.012147	0.035070	0.035070	49.784
6	46.761210	0.294146	1	0	0.003651	0.058071	0.193711	0.193711	20.398
8	46.784672	0.317608	2	1	0.003390	0.008988	0.023462	0.011731	25.188
9	46.829531	0.362468	1	1	0.004008	0.014328	0.044860	0.044860	24.830
10	46.863791	0.396727	1	1	0.004465	0.011213	0.034260	0.034260	25.206
11	46.904431	0.437367	1	1	0.004694	0.013729	0.040639	0.040639	25.151
12	46.938951	0.471887	1	1	0.003909	0.012140	0.034520	0.034520	25.430
13	46.975211	0.508147	1	1	0.003657	0.012743	0.036260	0.036260	25.583
14	47.015378	0.548314	1	1	0.005240	0.013419	0.040167	0.040167	25.533
15	47.048685	0.581621	1	1	0.003449	0.011625	0.033307	0.033307	25.790
16	47.086948	0.619884	1	1	0.003291	0.013364	0.038264	0.038264	25.811
17	47.123292	0.656229	1	1	0.003508	0.012378	0.036344	0.036344	25.906
18	47.160870	0.693807	1	1	0.003451	0.012112	0.037578	0.037578	25.944
19	47.199021	0.731957	1	1	0.003476	0.013330	0.038150	0.038150	25.958
20	47.235197	0.768134	1	1	0.004449	0.012629	0.036177	0.036177	26.037
21	47.270900	0.803836	1	1	0.003283	0.012565	0.035702	0.035702	26.125
22	47.309231	0.842167	1	1	0.003338	0.013982	0.038331	0.038331	26.123
23	47.344165	0.877102	1	1	0.003839	0.011551	0.034935	0.034935	26.223
24	47.383393	0.916329	1	1	0.004395	0.013262	0.039228	0.039228	26.191
25	47.420290	0.953227	1	1	0.004305	0.012370	0.036897	0.036897	26.227
26	47.456629	0.989565	1	1	0.003732	0.012372	0.036339	0.036339	26.274
27	47.494887	1.027823	1	1	0.005067	0.012381	0.038258	0.038258	26.269
28	47.529379	1.062315	1	1	0.003530	0.011515	0.034492	0.034492	26.358
29	47.568712	1.101648	1	1	0.004017	0.013467	0.039333	0.039333	26.324
30	47.603683	1.136620	1	1	0.003117	0.012441	0.034971	0.034971	26.394
31	47.642781	1.175717	1	1	0.004412	0.013330	0.039098	0.039098	26.367
32	48.677397	2.210333	1	1	0.004922	0.095396	1.034616	1.034616	14.477
35	48.700695	2.233632	3	3	0.003897	0.009019	0.023299	0.007766	15.670
36	48.739583	2.272519	1	3	0.003335	0.013545	0.038888	0.038888	15.841
37	48.775833	2.308769	1	3	0.003628	0.012618	0.036250	0.036250	16.026
38	48.815888	2.348825	1	3	0.005257	0.013131	0.040055	0.040055	16.178
39	48.850018	2.382955	1	3	0.004940	0.011674	0.034130	0.034130	16.366
40	48.888578	2.421514	1	3	0.003118	0.013201	0.038559	0.038559	16.519
41	48.924406	2.457343	1	3	0.003633	0.012587	0.035829	0.035829	16.685
42	48.961763	2.494699	1	3	0.003449	0.012240	0.037357	0.037357	16.836
43	48.999224	2.532160	1	3	0.004582	0.012641	0.037460	0.037460	16.982
44	49.038332	2.571268	1	3	0.004109	0.013326	0.039108	0.039108	17.112
45	49.074247	2.607183	1	3	0.004129	0.012306	0.035915	0.035915	17.260
46	49.109681	2.642617	1	3	0.004664	0.011317	0.035434	0.035434	17.407
47	49.149175	2.682111	1	3	0.004307	0.013281	0.039494	0.039494	17.524
48	49.183718	2.716654	1	3	0.004474	0.011737	0.034543	0.034543	17.669
49	49.222830	2.755766	1	3	0.004049	0.013380	0.039112	0.039112	17.781
50	49.258064	2.791000	1	3	0.003301	0.012399	0.035234	0.035234	17.915
51	49.295863	2.828800	1	3	0.003630	0.012035	0.037800	0.037800	18.029
52	49.333344	2.866281	1	3	0.004858	0.012383	0.037481	0.037481	18.142
53	49.370066	2.903003	1	3	0.004709	0.012345	0.036722	0.036722	18.257
54	49.405398	2.938334	1	3	0.003233	0.012257	0.035331	0.035331	18.378
55	49.443343	2.976279	1	3	0.003200	0.013341	0.037945	0.037945	18.479
56	49.480428	3.013364	1	3	0.003667	0.012071	0.037085	0.037085	18.584
57	49.518824	3.051760	1	3	0.005503	0.012703	0.038396	0.038396	18.678
58	49.554204	3.087141	1	3	0.003329	0.012386	0.035380	0.035380	18.788
59	49.590839	3.123775	1	3	0.003922	0.012501	0.036635	0.036635	18.887
60	49.628488	3.161424	1	3	0.003860	0.012304	0.037649	0.037649	18.979
61	49.663574	3.196511	1	3	0.003966	0.011311	0.035086	0.035086	19.083
62	49.704942	3.237878	1	3	0.004314	0.014019	0.041368	0.041368	19.148
63	49.741679	3.274615	1	3	0.004810	0.012356	0.036737	0.036737	19.239
64	49.775743	3.308679	1	3	0.004710	0.010607	0.034064	0.034064	19.343
65	49.813631	3.346567	1	3	0.004281	0.012024	0.037888	0.037888	19.423
66	49.851436	3.384372	1	3	0.004774	0.012424	0.037805	0.037805	19.501
67	49.887086	3.420022	1	3	0.003397	0.012579	0.035650	0.035650	19.591
68	49.926654	3.459591	1	3	0.004254	0.013372	0.039569	0.039569	19.656
69	49.960772	3.493708	1	3	0.005093	0.010725	0.034117	0.034117	19.750
70	50.000254	3.533190	1	3	0.004274	0.013157	0.039483	0.039483	19.812
71	50.035141	3.568078	1	3	0.003142	0.012273	0.034887	0.034887	19.899
72	50.073250	3.606187	1	3	0.003529	0.013087	0.038109	0.038109	19.966
73	50.109261	3.642197	1	3	0.004109	0.011606	0.036010	0.036010	20.043
74	50.147564	3.680501	1	3	0.004100	0.012055	0.038304	0.038304	20.106
75	50.183090	3.716027	1	3	0.003455	0.012308	0.035526	0.035526	20.183
76	50.222469	3.755405	1	3	0.003679	0.013468	0.039378	0.039378	20.237
77	50.258558	3.791494	1	3	0.004108	0.012321	0.036089	0.036089	20.309
78	50.293849	3.826785	1	3	0.004309	0.011513	0.035291	0.035291	20.383
79	50.332773	3.865709	1	3	0.003777	0.013056	0.038924	0.038924	20.436
80	50.368450	3.901387	1	3	0.003392	0.012224	0.035678	0.035678	20.506
81	50.407167	3.940103	1	3	0.003426	0.013006	0.038716	0.038716	20.558
82	50.442525	3.975462	1	3	0.003650	0.012241	0.035359	0.035359	20.627
83	50.482130	4.015067	1	3	0.004505	0.013072	0.039605	0.039605	20.672
84	50.518096	4.051033	1	3	0.004077	0.012596	0.035966	0.035966	20.735
85	50.554034	4.086970	1	3	0.003263	0.012442	0.035938	0.035938	20.798
86	50.592869	4.125805	1	3	0.003462	0.013096	0.038835	0.038835	20.844
87	50.628180	4.161116	1	3	0.003540	0.011563	0.035311	0.035311	20.908
88	50.667397	4.200333	1	3	0.004210	0.013120	0.039217	0.039217	20.951
89	50.704127	4.237063	1	3	0.004950	0.012242	0.036730	0.036730	21.005
90	50.739671	4.272607	1	3	0.003539	0.012285	0.035544	0.035544	21.064
91	50.777947	4.310883	1	3	0.004175	0.012043	0.038276	0.038276	21.109
92	50.812690	4.345627	1	3	0.003655	0.011450	0.034743	0.034743	21.171
93	50.851336	4.384272	1	3	0.003775	0.013077	0.038646	0.038646	21.212
94	50.887297	4.420233	1	3	0.003559	0.012369	0.035961	0.035961	21.266
95	50.925929	4.458865	1	3	0.003519	0.013110	0.038632	0.038632	21.306
96	50.960917	4.493854	1	3	0.003365	0.011368	0.034989	0.034989	21.363
97	51.000171	4.533107	1	3	0.003933	0.013139	0.039254	0.039254	21.398
98	51.034040	4.566976	1	3	0.004019	0.011467	0.033869	0.033869	21.458
99	51.075412	4.608349	1	3	0.003849	0.014112	0.041372	0.041372	21.483
100	51.110234	4.643170	1	3	0.004773	0.011416	0.034822	0.034822	21.537
101	51.144908	4.677844	1	3	0.003491	0.011464	0.034674	0.034674	21.591
102	51.187250	4.720186	1	3	0.004324	0.014067	0.042342	0.042342	21.609
103	51.221168	4.754104	1	3	0.003748	0.011671	0.033918	0.033918	21.665
104	51.259554	4.792490	1	3	0.003751	0.013187	0.038386	0.038386	21.701
105	51.294840	4.827776	1	3	0.003358	0.011946	0.035286	0.035286	21.749
106	51.333281	4.866217	1	3	0.003581	0.013225	0.038441	0.038441	21.783
107	51.370573	4.903510	1	3	0.004926	0.012286	0.037293	0.037293	21.821
108	51.406212	4.939149	1	3	0.003540	0.012335	0.035639	0.035639	21.866
109	51.443781	4.976717	1	3	0.003592	0.012031	0.037568	0.037568	21.902
110	51.480660	5.013596	1	3	0.003543	0.012058	0.036879	0.036879	21.940
111	51.517217	5.050153	1	3	0.003859	0.012396	0.036557	0.036557	21.980
112	51.555864	5.088801	1	3	0.003893	0.013096	0.038648	0.038648	22.009
113	51.592120	5.125056	1	3	0.003967	0.012381	0.036256	0.036256	22.049
114	51.630271	5.163208	1	3	0.004487	0.012118	0.038151	0.038151	22.079
115	51.666513	5.199449	1	3	0.003727	0.012241	0.036242	0.036242	22.118
116	51.703331	5.236267	1	3	0.004621	0.012250	0.036818	0.036818	22.153
117	51.740636	5.273572	1	3	0.004849	0.012409	0.037305	0.037305	22.186
118	51.776803	5.309739	1	3	0.005061	0.011427	0.036167	0.036167	22.223
119	51.816428	5.349364	1	3	0.003447	0.013904	0.039625	0.039625	22.246
120	51.851218	5.384154	1	3	0.004528	0.011618	0.034790	0.034790	22.288
121	51.890059	5.422996	1	3	0.003734	0.013339	0.038841	0.038841	22.312
122	51.926884	5.459820	1	3	0.005412	0.011602	0.036824	0.036824	22.345
123	51.961796	5.494732	1	3	0.003500	0.011436	0.034912	0.034912	22.385
124	51.999975	5.532911	1	3	0.003255	0.013052	0.038179	0.038179	22.411
125	52.035455	5.568391	1	3	0.003572	0.012304	0.035480	0.035480	22.448
126	52.074100	5.607037	1	3	0.003552	0.013125	0.038646	0.038646	22.472
127	52.109715	5.642651	1	3	0.003956	0.011384	0.035614	0.035614	22.507
128	52.146974	5.679911	1	3	0.003696	0.012000	0.037260	0.037260	22.536
129	52.186824	5.719761	1	3	0.004257	0.013365	0.039850	0.039850	22.553
130	52.220313	5.753249	1	3	0.003484	0.011755	0.033489	0.033489	22.596
131	52.259626	5.792562	1	3	0.004399	0.013228	0.039313	0.039313	22.615
132	52.293638	5.826575	1	3	0.005151	0.010600	0.034012	0.034012	22.655
133	52.332888	5.865825	1	3	0.004071	0.013026	0.039250	0.039250	22.674
134	52.368847	5.901783	1	3	0.003469	0.012698	0.035959	0.035959	22.705
135	52.407275	5.940211	1	3	0.003648	0.013058	0.038428	0.038428	22.726
136	52.443353	5.976289	1	3	0.004461	0.011416	0.036078	0.036078	22.757
137	52.482207	6.015144	1	3	0.003637	0.013183	0.038854	0.038854	22.776
138	52.517677	6.050613	1	3	0.003938	0.012453	0.035470	0.035470	22.808
139	52.556106	6.089043	1	3	0.003663	0.013304	0.038429	0.038429	22.828
140	52.592453	6.125389	1	3	0.003962	0.012391	0.036347	0.036347	22.856
141	52.630299	6.163235	1	3	0.004645	0.012195	0.037846	0.037846	22.878
142	52.666044	6.198980	1	3	0.004037	0.012684	0.035745	0.035745	22.907
143	52.704523	6.237459	1	3	0.003323	0.012936	0.038479	0.038479	22.926
144	52.741803	6.274739	1	3	0.003602	0.013049	0.037280	0.037280	22.949
145	52.777653	6.310589	1	3	0.004295	0.011340	0.035850	0.035850	22.977
146	52.813319	6.346255	1	3	0.003924	0.011449	0.035666	0.035666	23.006
147	52.852919	6.385855	1	3	0.004856	0.013215	0.039600	0.039600	23.020
148	52.889635	6.422571	1	3	0.004370	0.012514	0.036716	0.036716	23.044
149	52.925864	6.458800	1	3	0.004709	0.011501	0.036229	0.036229	23.069
150	52.962275	6.495212	1	3	0.005394	0.011323	0.036412	0.036412	23.094
151	52.999568	6.532504	1	3	0.004732	0.012387	0.037292	0.037292	23.115
152	53.035324	6.568260	1	3	0.003709	0.012267	0.035756	0.035756	23.142
153	53.073874	6.606810	1	3	0.003550	0.013082	0.038550	0.038550	23.158
154	53.109023	6.641960	1	3	0.003589	0.011291	0.035150	0.035150	23.186
155	53.148676	6.681613	1	3	0.004507	0.013115	0.039653	0.039653	23.198
156	53.184077	6.717013	1	3	0.005093	0.011939	0.035400	0.035400	23.225
157	53.219744	6.752680	1	3	0.003541	0.012346	0.035668	0.035668	23.250
158	53.259064	6.792001	1	3	0.004046	0.013246	0.039320	0.039320	23.263
159	53.294188	6.827124	1	3	0.004133	0.011415	0.035123	0.035123	23.289
160	53.331863	6.864800	1	3	0.003386	0.012916	0.037676	0.037676	23.307
161	53.370630	6.903566	1	3	0.003858	0.013189	0.038766	0.038766	23.321
162	53.406374	6.939310	1	3	0.003649	0.012355	0.035744	0.035744	23.345
163	53.445237	6.978173	1	3	0.004823	0.012138	0.038863	0.038863	23.359
164	53.479839	7.012776	1	3	0.003394	0.011284	0.034602	0.034602	23.386
165	53.517925	7.050861	1	3	0.003639	0.013227	0.038085	0.038085	23.401
166	53.553875	7.086812	1	3	0.003397	0.012507	0.035951	0.035951	23.424
167	53.593390	7.126326	1	3	0.004208	0.013323	0.039514	0.039514	23.434
168	53.626948	7.159884	1	3	0.004207	0.010626	0.033558	0.033558	23.464
169	53.665962	7.198898	1	3	0.003887	0.013062	0.039014	0.039014	23.476
170	53.702029	7.234965	1	3	0.003827	0.012288	0.036067	0.036067	23.497
171	53.740920	7.273856	1	3	0.003835	0.013004	0.038891	0.038891	23.509
172	53.776780	7.309716	1	3	0.004484	0.011318	0.035860	0.035860	23.530
173	53.812520	7.345456	1	3	0.004141	0.011507	0.035740	0.035740	23.552
174	53.851810	7.384746	1	3	0.004742	0.013283	0.039290	0.039290	23.562
175	53.887780	7.420716	1	3	0.003769	0.012329	0.035970	0.035970	23.583
176	53.923479	7.456415	1	3	0.003556	0.012340	0.035699	0.035699	23.604
177	53.961694	7.494631	1	3	0.004318	0.012201	0.038216	0.038216	23.617
178	54.000584	7.533521	1	3	0.004452	0.013053	0.038890	0.038890	23.628
179	54.036943	7.569879	1	3	0.003740	0.012230	0.036359	0.036359	23.646
180	54.072651	7.605587	1	3	0.003442	0.012331	0.035707	0.035707	23.667
181	54.110614	7.643551	1	3	0.003815	0.012056	0.037964	0.037964	23.680
182	54.145796	7.678732	1	3	0.003673	0.011484	0.035182	0.035182	23.702
183	54.188166	7.721102	1	3	0.004456	0.014126	0.042370	0.042370	23.701
184	54.222170	7.755106	1	3	0.004044	0.011643	0.034004	0.034004	23.726
185	54.258817	7.791753	1	3	0.004018	0.012442	0.036647	0.036647	23.743
186	54.295748	7.828684	1	3	0.003409	0.012064	0.036930	0.036930	23.759
187	54.334143	7.867079	1	3	0.003912	0.013096	0.038395	0.038395	23.770
188	54.370032	7.902968	1	3	0.003488	0.012459	0.035889	0.035889	23.789
189	54.409581	7.942517	1	3	0.004550	0.013059	0.039550	0.039550	23.796
190	54.443255	7.976191	1	3	0.003745	0.011653	0.033674	0.033674	23.821
191	54.480317	8.013253	1	3	0.003550	0.012016	0.037062	0.037062	23.836
192	54.521028	8.053964	1	3	0.005136	0.013229	0.040711	0.040711	23.839
193	54.555276	8.088213	1	3	0.004953	0.011758	0.034249	0.034249	23.862
194	54.591514	8.124451	1	3	0.003688	0.012374	0.036238	0.036238	23.879
195	54.629233	8.162170	1	3	0.003794	0.012078	0.037719	0.037719	23.891
196	54.668995	8.201931	1	3	0.004653	0.013086	0.039762	0.039762	23.897
197	54.703718	8.236654	1	3	0.004868	0.011674	0.034723	0.034723	23.917
198	54.741916	8.274852	1	3	0.003576	0.013275	0.038198	0.038198	23.928
199	54.776859	8.309795	1	3	0.003655	0.011238	0.034943	0.034943	23.948
200	54.816667	8.349604	1	3	0.004717	0.013078	0.039809	0.039809	23.953
201	54.849831	8.382767	1	3	0.003479	0.011597	0.033164	0.033164	23.978
202	54.888065	8.421002	1	3	0.003363	0.013042	0.038234	0.038234	23.988
203	54.926592	8.459528	1	3	0.004364	0.012643	0.038527	0.038527	23.997
204	54.962487	8.495423	1	3	0.004724	0.011503	0.035895	0.035895	24.013
205	54.999723	8.532659	1	3	0.003960	0.012415	0.037236	0.037236	24.025
206	55.039035	8.571971	1	3	0.004377	0.013390	0.039312	0.039312	24.032
207	55.072333	8.605269	1	3	0.003666	0.011512	0.033298	0.033298	24.055
208	55.110427	8.643363	1	3	0.004198	0.012163	0.038094	0.038094	24.065
209	55.149266	8.682203	1	3	0.003973	0.013317	0.038840	0.038840	24.072
210	55.185128	8.718065	1	3	0.003380	0.012725	0.035862	0.035862	24.088
211	55.224331	8.757267	1	3	0.004460	0.013106	0.039203	0.039203	24.094
212	55.257857	8.790793	1	3	0.003488	0.011675	0.033526	0.033526	24.116
213	55.295830	8.828766	1	3	0.003372	0.012888	0.037973	0.037973	24.126
214	55.331759	8.864695	1	3	0.003805	0.012435	0.035929	0.035929	24.141
215	55.370896	8.903832	1	3	0.004295	0.013191	0.039137	0.039137	24.147
216	55.405986	8.938922	1	3	0.003428	0.012285	0.035090	0.035090	24.164
217	55.444948	8.977884	1	3	0.004742	0.011996	0.038962	0.038962	24.171
218	55.480150	9.013087	1	3	0.003728	0.011330	0.035202	0.035202	24.187
219	55.519539	9.052475	1	3	0.004423	0.013128	0.039388	0.039388	24.192
220	55.554889	9.087825	1	3	0.003522	0.012373	0.035350	0.035350	24.208
221	55.590701	9.123638	1	3	0.003525	0.012297	0.035813	0.035813	24.223
222	55.628429	9.161365	1	3	0.003580	0.012068	0.037728	0.037728	24.232
223	55.665933	9.198870	1	3	0.004953	0.012289	0.037504	0.037504	24.242
224	55.703911	9.236847	1	3	0.004390	0.012942	0.037977	0.037977	24.251
225	55.739383	9.272319	1	3	0.003641	0.012266	0.035472	0.035472	24.266
226	55.776997	9.309933	1	3	0.003402	0.012211	0.037614	0.037614	24.275
227	55.816603	9.349540	1	3	0.005192	0.013117	0.039607	0.039607	24.279
228	55.852807	9.385743	1	3	0.004117	0.012505	0.036204	0.036204	24.292
229	55.889199	9.422135	1	3	0.003737	0.012379	0.036392	0.036392	24.304
230	55.926787	9.459723	1	3	0.004512	0.012291	0.037588	0.037588	24.314
231	55.962892	9.495828	1	3	0.004725	0.011284	0.036105	0.036105	24.326
232	55.998704	9.531641	1	3	0.003488	0.012414	0.035812	0.035812	24.340
233	56.037259	9.570195	1	3	0.003424	0.013144	0.038554	0.038554	24.346
234	56.072684	9.605620	1	3	0.003677	0.012410	0.035425	0.035425	24.361
235	56.111299	9.644235	1	3	0.004753	0.012054	0.038615	0.038615	24.367
236	56.146605	9.679541	1	3	0.003894	0.011317	0.035306	0.035306	24.381
237	56.186879	9.719815	1	3	0.004821	0.013733	0.040274	0.040274	24.383
238	56.220564	9.753501	1	3	0.003568	0.011718	0.033686	0.033686	24.401
239	56.259149	9.792085	1	3	0.003942	0.013111	0.038585	0.038585	24.407
240	56.294096	9.827032	1	3	0.003719	0.011391	0.034947	0.034947	24.422
241	56.332176	9.865112	1	3	0.003223	0.013116	0.038080	0.038080	24.430
242	56.368724	9.901661	1	3	0.004580	0.012329	0.036549	0.036549	24.440
243	56.406772	9.939709	1	3	0.003008	0.013068	0.038048	0.038048	24.447
244	56.445174	9.978110	1	3	0.004545	0.012030	0.038402	0.038402	24.454
245	56.479574	10.012510	1	3	0.003771	0.011281	0.034400	0.034400	24.469
246	56.517954	10.050890	1	3	0.003395	0.013162	0.038380	0.038380	24.475
247	56.556010	10.088946	1	3	0.003601	0.013106	0.038056	0.038056	24.482
248	56.592388	10.125324	1	3	0.003758	0.012338	0.036378	0.036378	24.493
249	56.630717	10.163654	1	3	0.004622	0.012023	0.038329	0.038329	24.499
250	56.667122	10.200058	1	3	0.003881	0.012292	0.036404	0.036404	24.510
251	56.702789	10.235725	1	3	0.003617	0.012257	0.035667	0.035667	24.522
252	56.741927	10.274864	1	3	0.004099	0.013010	0.039138	0.039138	24.526
253	56.776099	10.309035	1	3	0.003181	0.011209	0.034172	0.034172	24.542
254	56.813500	10.346436	1	3	0.003146	0.012752	0.037401	0.037401	24.550
255	56.852631	10.385567	1	3	0.004201	0.013905	0.039131	0.039131	24.553
256	56.889719	10.422655	1	3	0.003381	0.013874	0.037088	0.037088	24.562
257	56.925486	10.458422	1	3	0.003577	0.012564	0.035767	0.035767	24.573
258	56.960764	10.493700	1	3	0.004117	0.011423	0.035278	0.035278	24.586
259	57.001847	10.534784	1	3	0.004796	0.013945	0.041083	0.041083	24.585
260	57.034120	10.567056	1	3	0.003459	0.011595	0.032272	0.032272	24.605
261	57.073877	10.606813	1	3	0.004069	0.013874	0.039757	0.039757	24.607
262	57.107999	10.640936	1	3	0.003856	0.012295	0.034123	0.034123	24.622
263	57.150470	10.683406	1	3	0.004661	0.014085	0.042471	0.042471	24.618
264	57.183573	10.716509	1	3	0.003273	0.011680	0.033103	0.033103	24.635
265	57.223964	10.756901	1	3	0.005242	0.013186	0.040391	0.040391	24.635
266	57.256564	10.789501	1	3	0.003504	0.011636	0.032600	0.032600	24.654
267	57.296834	10.829770	1	3	0.003240	0.013267	0.040269	0.040269	24.654
268	57.332813	10.865749	1	3	0.003389	0.012195	0.035979	0.035979	24.665
269	57.370875	10.903812	1	3	0.003610	0.013143	0.038062	0.038062	24.670
270	57.408363	10.941300	1	3	0.005063	0.012285	0.037488	0.037488	24.677
271	57.443208	10.976145	1	3	0.003626	0.011655	0.034845	0.034845	24.690
272	57.480525	11.013461	1	3	0.003684	0.012009	0.037317	0.037317	24.697
273	57.516583	11.049519	1	3	0.003421	0.012432	0.036058	0.036058	24.707
274	57.555178	11.088114	1	3	0.003443	0.013021	0.038595	0.038595	24.711
275	57.591068	11.124004	1	3	0.004099	0.012436	0.035890	0.035890	24.721
276	57.628540	11.161476	1	3	0.004032	0.012078	0.037472	0.037472	24.728
277	57.666896	11.199832	1	3	0.003567	0.012999	0.038356	0.038356	24.733
278	57.703354	11.236290	1	3	0.004756	0.012356	0.036458	0.036458	24.741
279	57.739984	11.272920	1	3	0.004553	0.012293	0.036630	0.036630	24.750
280	57.776328	11.309264	1	3	0.004928	0.011379	0.036344	0.036344	24.758
281	57.813095	11.346031	1	3	0.003083	0.012078	0.036767	0.036767	24.766
282	57.851415	11.384352	1	3	0.003463	0.013113	0.038321	0.038321	24.771
283	57.886882	11.419819	1	3	0.003566	0.012565	0.035467	0.035467	24.781
284	57.926152	11.459088	1	3	0.004409	0.013099	0.039269	0.039269	24.784
285	57.963219	11.496155	1	3	0.006766	0.011386	0.037067	0.037067	24.791
286	57.998440	11.531376	1	3	0.003267	0.012231	0.035221	0.035221	24.802
287	58.036347	11.569283	1	3	0.003362	0.013156	0.037908	0.037908	24.807
288	58.075016	11.607952	1	3	0.004021	0.013227	0.038668	0.038668	24.811
289	58.109957	11.642893	1	3	0.003742	0.011564	0.034941	0.034941	24.822
290	58.147003	11.679939	1	3	0.003425	0.012034	0.037046	0.037046	24.829
291	58.186514	11.719450	1	3	0.004690	0.013313	0.039511	0.039511	24.831
292	58.223319	11.756256	1	3	0.004601	0.012352	0.036805	0.036805	24.838
293	58.258974	11.791910	1	3	0.003997	0.011716	0.035654	0.035654	24.848
294	58.294495	11.827432	1	3	0.003913	0.011432	0.035522	0.035522	24.857
295	58.332764	11.865700	1	3	0.003735	0.012971	0.038269	0.038269	24.862
296	58.369084	11.902020	1	3	0.003634	0.012261	0.036320	0.036320	24.870
297	58.409147	11.942083	1	3	0.004943	0.013107	0.040063	0.040063	24.870
298	58.441895	11.974831	1	3	0.004257	0.010682	0.032749	0.032749	24.886
299	58.479402	12.012338	1	3	0.003474	0.012041	0.037507	0.037507	24.891
300	58.517285	12.050221	1	3	0.003345	0.013132	0.037883	0.037883	24.896
301	58.556831	12.089767	1	3	0.004981	0.013161	0.039547	0.039547	24.897
302	58.590259	12.123195	1	3	0.003641	0.011639	0.033427	0.033427	24.911
303	58.627723	12.160659	1	3	0.003651	0.012195	0.037464	0.037464	24.916
304	58.667497	12.200434	1	3	0.004645	0.013070	0.039775	0.039775	24.917
305	58.701540	12.234476	1	3	0.004326	0.011542	0.034043	0.034043	24.930
306	58.739939	12.272875	1	3	0.003350	0.013020	0.038399	0.038399	24.933
307	58.775316	12.308252	1	3	0.003544	0.012289	0.035377	0.035377	24.943
308	58.813227	12.346164	1	3	0.003822	0.012018	0.037911	0.037911	24.947
309	58.852738	12.385674	1	3	0.004275	0.013177	0.039511	0.039511	24.948
310	58.890066	12.423003	1	3	0.005426	0.012450	0.037328	0.037328	24.954
311	58.922968	12.455904	1	3	0.003319	0.011575	0.032901	0.032901	24.968
312	58.961635	12.494571	1	3	0.004244	0.012391	0.038667	0.038667	24.971
313	58.998736	12.531672	1	3	0.004140	0.012709	0.037101	0.037101	24.977
314	59.035861	12.568797	1	3	0.004839	0.012222	0.037125	0.037125	24.983
315	59.071692	12.604629	1	3	0.003673	0.012316	0.035831	0.035831	24.991
316	59.109985	12.642922	1	3	0.004253	0.012144	0.038293	0.038293	24.994
317	59.144928	12.677864	1	3	0.004134	0.011314	0.034943	0.034943	25.004
318	59.187603	12.720540	1	3	0.005269	0.013925	0.042675	0.042675	24.999
319	59.220875	12.753811	1	3	0.003634	0.011941	0.033271	0.033271	25.012
320	59.259081	12.792018	1	3	0.003539	0.013341	0.038207	0.038207	25.016
321	59.294620	12.827556	1	3	0.003608	0.011934	0.035539	0.035539	25.024
322	59.333144	12.866080	1	3	0.004004	0.013129	0.038524	0.038524	25.027
323	59.369364	12.902300	1	3	0.004255	0.012206	0.036220	0.036220	25.034
324	59.407641	12.940577	1	3	0.003589	0.013245	0.038277	0.038277	25.038
325	59.442521	12.975457	1	3	0.003590	0.011251	0.034880	0.034880	25.047
326	59.480104	13.013040	1	3	0.003839	0.012101	0.037583	0.037583	25.052
327	59.516607	13.049543	1	3	0.004289	0.012320	0.036503	0.036503	25.058
328	59.555431	13.088367	1	3	0.004230	0.013268	0.038824	0.038824	25.060
329	59.591100	13.124037	1	3	0.003807	0.012482	0.035669	0.035669	25.069
330	59.629761	13.162697	1	3	0.004077	0.012964	0.038661	0.038661	25.071
331	59.665451	13.198388	1	3	0.003571	0.012277	0.035690	0.035690	25.079
332	59.704782	13.237719	1	3	0.004193	0.013101	0.039331	0.039331	25.080
333	59.741566	13.274503	1	3	0.004782	0.012386	0.036784	0.036784	25.086
334	59.776488	13.309424	1	3	0.003976	0.011223	0.034922	0.034922	25.095
335	59.815404	13.348341	1	3	0.004035	0.013172	0.038916	0.038916	25.097
336	59.852182	13.385118	1	3	0.004615	0.012484	0.036778	0.036778	25.103
337	59.888417	13.421353	1	3	0.004159	0.012383	0.036235	0.036235	25.109
338	59.924902	13.457838	1	3	0.003668	0.012467	0.036485	0.036485	25.115
339	59.963444	13.496380	1	3	0.004728	0.012052	0.038542	0.038542	25.118
340	59.999334	13.532270	1	3	0.003531	0.012223	0.035890	0.035890	25.125
341	60.036303	13.569240	1	3	0.004518	0.012307	0.036970	0.036970	25.130
342	60.075561	13.608497	1	3	0.004627	0.013056	0.039258	0.039258	25.131
343	60.108600	13.641536	1	3	0.004171	0.010647	0.033039	0.033039	25.144
344	60.148677	13.681614	1	3	0.004822	0.013155	0.040078	0.040078	25.143
345	60.179745	13.712681	1	3	0.003111	0.010554	0.031068	0.031068	25.159
346	60.222856	13.755793	1	3	0.004162	0.014709	0.043111	0.043111	25.153
347	60.256474	13.789410	1	3	0.004848	0.011710	0.033617	0.033617	25.164
348	60.299688	13.832624	1	3	0.005899	0.013939	0.043214	0.043214	25.158
349	60.333198	13.866135	1	3	0.003937	0.012574	0.033511	0.033511	25.169
350	60.371993	13.904930	1	3	0.005228	0.013181	0.038795	0.038795	25.171
351	60.406193	13.939129	1	3	0.004338	0.012363	0.034199	0.034199	25.181
352	60.445545	13.978481	1	3	0.005051	0.012117	0.039352	0.039352	25.182
353	60.482442	14.015378	1	3	0.004816	0.012324	0.036897	0.036897	25.187
354	60.518368	14.051305	1	3	0.003776	0.012401	0.035926	0.035926	25.193
355	60.554111	14.087048	1	3	0.003599	0.012425	0.035743	0.035743	25.200
356	60.593017	14.125954	1	3	0.004456	0.012562	0.038906	0.038906	25.202
357	60.627834	14.160770	1	3	0.003657	0.011281	0.034816	0.034816	25.210
