 ** Video Info ** 
Video File:
	Name:	conduite.mp4
	Frame Count:	308
	Width:	1366
	Height:	720
	FPS:	23.976023976023978
Video Display:
	Window Resolution:	[2560 1080]
	Window Fullscreen:	True
	Drawn Size:	[1366.  720.]

 ** Column Definitions ** 
frame_num:	The frame index being displayed. Range is 1 to video frame count.
frame_flip_time:	The time returned by win.flip() for the current frame_num.
playback_duration:	current frame_flip_time minus the first video frame_flip_time.

 ** Per Frame Video Playback Data ** 
frame_num	frame_flip_time	playback_duration
0	63.941798	0.000000	
1	64.003186	0.061389	
4	64.053099	0.111302	
5	64.086928	0.145130	
6	64.136599	0.194801	
7	64.170106	0.228308	
8	64.219848	0.278050	
9	64.253152	0.311355	
10	64.303409	0.361612	
11	64.336772	0.394975	
12	64.386884	0.445087	
13	64.419938	0.478140	
14	64.469870	0.528073	
15	64.503565	0.561767	
16	64.553108	0.611310	
17	64.586592	0.644794	
18	64.636709	0.694911	
19	64.669931	0.728133	
20	64.720073	0.778275	
21	64.753507	0.811709	
22	64.803481	0.861684	
23	64.853402	0.911605	
24	64.886534	0.944736	
25	64.936683	0.994885	
26	64.970222	1.028425	
27	65.003505	1.061707	
28	65.053065	1.111267	
29	65.086625	1.144827	
30	65.253146	1.311349	
33	65.303383	1.361585	
35	65.336481	1.394683	
36	65.386772	1.444974	
37	65.419812	1.478015	
38	65.470121	1.528324	
39	65.503197	1.561399	
40	65.553068	1.611270	
41	65.586526	1.644728	
42	65.636825	1.695027	
43	65.669825	1.728028	
44	65.719907	1.778109	
45	65.753463	1.811666	
46	65.803367	1.861569	
47	65.836624	1.894826	
48	65.888851	1.947053	
49	65.919912	1.978114	
50	65.969874	2.028076	
51	66.003173	2.061375	
52	66.053063	2.111265	
53	66.103297	2.161500	
54	66.136823	2.195025	
55	66.186463	2.244665	
56	66.219861	2.278064	
57	66.253455	2.311657	
58	66.303414	2.361616	
59	66.336744	2.394946	
60	66.386534	2.444737	
61	66.420111	2.478313	
62	66.470008	2.528210	
63	66.503527	2.561729	
64	66.553062	2.611264	
65	66.586438	2.644640	
66	66.636818	2.695020	
67	66.669986	2.728188	
68	66.719872	2.778074	
69	66.753157	2.811359	
70	66.803042	2.861244	
71	66.836466	2.894668	
72	66.886508	2.944710	
73	66.920115	2.978317	
74	66.970051	3.028254	
75	67.003188	3.061391	
76	67.053046	3.111249	
77	67.086664	3.144866	
78	67.136615	3.194818	
79	67.170109	3.228312	
80	67.220024	3.278227	
81	67.253173	3.311375	
82	67.303409	3.361611	
83	67.336699	3.394901	
84	67.386614	3.444816	
85	67.436700	3.494902	
86	67.469899	3.528101	
87	67.519804	3.578006	
88	67.553050	3.611252	
89	67.586639	3.644841	
90	67.636518	3.694720	
91	67.670046	3.728248	
92	67.720067	3.778269	
93	67.753153	3.811355	
94	67.803137	3.861339	
95	67.836454	3.894657	
96	67.886536	3.944738	
97	67.920088	3.978290	
98	67.969790	4.027992	
99	68.003092	4.061294	
100	68.053041	4.111243	
101	68.086451	4.144653	
102	68.136755	4.194958	
103	68.170069	4.228271	
104	68.220065	4.278267	
105	68.253126	4.311328	
106	68.303529	4.361731	
107	68.336761	4.394963	
108	68.386668	4.444870	
109	68.419924	4.478126	
110	68.469910	4.528112	
111	68.503442	4.561644	
112	68.553027	4.611229	
113	68.586727	4.644929	
114	68.636622	4.694824	
115	68.686452	4.744655	
116	68.719994	4.778196	
117	68.769741	4.827944	
118	68.803112	4.861314	
119	68.836741	4.894944	
120	68.886546	4.944749	
121	68.920050	4.978252	
122	68.970035	5.028237	
123	69.003194	5.061396	
124	69.053015	5.111217	
125	69.103246	5.161449	
126	69.136779	5.194982	
127	69.169766	5.227968	
128	69.219805	5.278007	
129	69.253381	5.311584	
130	69.303486	5.361688	
131	69.336730	5.394932	
132	69.386709	5.444911	
133	69.419641	5.477843	
134	69.469855	5.528058	
135	69.503389	5.561592	
136	69.553001	5.611203	
137	69.653070	5.711272	
139	69.686679	5.744881	
140	69.719842	5.778044	
141	69.769983	5.828185	
142	69.803109	5.861311	
143	69.836734	5.894936	
144	69.886352	5.944554	
145	69.919822	5.978024	
146	69.970178	6.028380	
147	70.003089	6.061291	
148	70.053001	6.111203	
149	70.103082	6.161284	
150	70.136589	6.194791	
151	70.170021	6.228223	
152	70.220013	6.278215	
153	70.253220	6.311422	
154	70.303409	6.361612	
155	70.336413	6.394616	
156	70.386417	6.444619	
157	70.419623	6.477825	
158	70.469733	6.527935	
159	70.503319	6.561521	
160	70.552971	6.611173	
161	70.586787	6.644989	
162	70.636715	6.694917	
163	70.669878	6.728080	
164	70.719779	6.777981	
165	70.753353	6.811555	
166	70.803108	6.861310	
167	70.836802	6.895004	
168	70.886309	6.944511	
169	70.936384	6.994587	
170	70.970024	7.028226	
171	71.019907	7.078109	
172	71.052985	7.111187	
173	71.086308	7.144510	
174	71.136830	7.195032	
175	71.170092	7.228294	
176	71.219670	7.277872	
177	71.253074	7.311277	
178	71.303105	7.361308	
179	71.336427	7.394629	
180	71.388536	7.446739	
181	71.436398	7.494600	
182	71.470010	7.528212	
183	71.503057	7.561259	
184	71.552976	7.611178	
185	71.586552	7.644754	
186	71.636730	7.694932	
187	71.670129	7.728331	
188	71.720084	7.778287	
189	71.753114	7.811316	
190	71.803332	7.861534	
191	71.836347	7.894549	
192	71.886370	7.944572	
193	71.919983	7.978185	
194	71.970031	8.028234	
195	72.003106	8.061308	
196	72.052958	8.111160	
197	72.086640	8.144842	
198	72.136379	8.194581	
199	72.169698	8.227901	
200	72.219833	8.278035	
201	72.269958	8.328160	
202	72.303148	8.361350	
203	72.353096	8.411298	
204	72.386459	8.444661	
205	72.419584	8.477786	
206	72.469702	8.527904	
207	72.503341	8.561543	
208	72.552961	8.611163	
209	72.603047	8.661249	
210	72.636736	8.694939	
211	72.686617	8.744819	
212	72.719795	8.777997	
213	72.753350	8.811552	
214	72.803323	8.861526	
215	72.836493	8.894696	
216	72.886399	8.944601	
217	72.919963	8.978165	
218	72.969674	9.027877	
219	73.003187	9.061389	
220	73.052940	9.111142	
221	73.103133	9.161336	
222	73.136787	9.194989	
223	73.169973	9.228175	
224	73.219699	9.277902	
225	73.253379	9.311581	
226	73.303266	9.361468	
227	73.336546	9.394748	
228	73.386391	9.444593	
229	73.419636	9.477838	
230	73.469940	9.528143	
231	73.519954	9.578156	
232	73.552934	9.611136	
233	73.603153	9.661355	
234	73.636695	9.694897	
235	73.669670	9.727872	
236	73.719694	9.777897	
237	73.753296	9.811498	
238	73.803311	9.861514	
239	73.836338	9.894540	
240	73.888841	9.947044	
241	73.936629	9.994831	
242	73.969681	10.027883	
243	74.020070	10.078273	
244	74.052910	10.111113	
245	74.086320	10.144523	
246	74.136677	10.194879	
247	74.169976	10.228179	
248	74.219681	10.277883	
249	74.253376	10.311578	
250	74.303086	10.361289	
251	74.336698	10.394900	
252	74.386654	10.444856	
253	74.436604	10.494806	
254	74.469691	10.527893	
255	74.519653	10.577855	
256	74.552909	10.611111	
257	74.602981	10.661183	
258	74.636227	10.694429	
259	74.669985	10.728187	
260	74.719818	10.778020	
261	74.752934	10.811136	
262	74.803279	10.861481	
263	74.853262	10.911464	
264	74.886433	10.944635	
265	74.936590	10.994792	
266	74.969647	11.027849	
267	75.003118	11.061320	
268	75.052897	11.111099	
269	75.086654	11.144856	
270	75.136466	11.194669	
271	75.186616	11.244819	
272	75.219931	11.278133	
273	75.269644	11.327847	
274	75.303234	11.361437	
275	75.336303	11.394506	
276	75.386646	11.444848	
277	75.419597	11.477799	
278	75.469623	11.527826	
279	75.503260	11.561462	
280	75.552894	11.611096	
281	75.586488	11.644690	
282	75.636706	11.694909	
283	75.669942	11.728145	
284	75.719815	11.778017	
285	75.769763	11.827965	
286	75.803295	11.861497	
287	75.853285	11.911487	
288	75.886312	11.944514	
289	75.919960	11.978163	
290	75.969924	12.028127	
291	76.003255	12.061458	
292	76.052919	12.111121	
293	76.219922	12.278124	
297	76.269811	12.328013	
298	76.303375	12.361577	
299	76.336626	12.394829	
300	76.386567	12.444769	
